%YAML:1.0
calibration_time: "Wed Dec 10 20:40:32 2014"
image_width: 1600
image_height: 1200
board_width: 8
board_height: 5
square_size: 4.0000000596046448e-01
flags: 0
camera_matrix: !!opencv-matrix
   rows: 3
   cols: 3
   dt: d
   data: [ 1.3341822026596196e+03, 0., 8.2810090865238544e+02, 0.,
       1.3369912015419720e+03, 5.9314523620039142e+02, 0., 0., 1. ]
distortion_coefficients: !!opencv-matrix
   rows: 5
   cols: 1
   dt: d
   data: [ 4.4428844295414043e-02, -1.6502160811415606e-01,
       5.8693749311496098e-03, 5.5264967325634098e-03,
       4.9706901850126890e-02 ]
avg_reprojection_error: 8.9994430476840037e-01
