%YAML:1.0
calibration_time: "Thu Dec 11 14:14:39 2014"
image_width: 640
image_height: 480
board_width: 8
board_height: 5
square_size: 4.0000000596046448e-01
flags: 0
camera_matrix: !!opencv-matrix
   rows: 3
   cols: 3
   dt: d
   data: [ 6.8906429851288567e+02, 0., 3.1506865171640987e+02, 0.,
       6.8973338551098141e+02, 2.2409360870862125e+02, 0., 0., 1. ]
distortion_coefficients: !!opencv-matrix
   rows: 5
   cols: 1
   dt: d
   data: [ 1.1495989938982525e-01, -3.7020995513757271e-01,
       -1.8364976363344520e-03, -1.4825767595593695e-04,
       3.7053598496690276e-01 ]
avg_reprojection_error: 3.8958563327228901e-01
