<?xml version="1.0"?>
<opencv_storage>
<calibration_time>"Sun Aug 10 11:39:28 2014"</calibration_time>
<image_width>640</image_width>
<image_height>480</image_height>
<board_width>9</board_width>
<board_height>6</board_height>
<square_size>1.</square_size>
<flags>0</flags>
<camera_matrix type_id="opencv-matrix">
  <rows>3</rows>
  <cols>3</cols>
  <dt>d</dt>
  <data>
    4.1570482348621141e+02 0. 3.1970383013742764e+02 0.
    4.1567973206810120e+02 2.3904716366940971e+02 0. 0. 1.</data></camera_matrix>
<distortion_coefficients type_id="opencv-matrix">
  <rows>5</rows>
  <cols>1</cols>
  <dt>d</dt>
  <data>
    -2.0364320638449247e-02 1.2025726468702366e-01
    -2.5013312392414757e-04 1.0345697108060636e-04
    -2.1341087203401227e-01</data></distortion_coefficients>
<avg_reprojection_error>2.2369413005571015e-01</avg_reprojection_error>
</opencv_storage>
